Unnamed: 0,filename,xca,yca,xcb,ycb
60,HD164249/HD164249_00015_ssbp.fit,325.6199626243432,273.42092777556815,737.5694139658932,275.859460226775
61,HD164249/HD164249_00015_ssbp.fit,325.6199626243432,273.42092777556815,737.5694139658932,275.859460226775
62,HD164249/HD164249_00015_ssbp.fit,325.6199626243432,273.42092777556815,737.5694139658932,275.859460226775
63,HD164249/HD164249_00015_ssbp.fit,325.6199626243432,273.42092777556815,737.5694139658932,275.859460226775
64,HD164249/HD164249_00015_ssbp.fit,325.6199626243432,273.42092777556815,737.5694139658932,275.859460226775
65,HD164249/HD164249_00015_ssbp.fit,325.6199626243432,273.42092777556815,737.5694139658932,275.859460226775
66,HD164249/HD164249_00016_ssbp.fit,326.00430373039336,273.5131042721414,737.2888046113104,273.59275092527247
67,HD164249/HD164249_00016_ssbp.fit,326.00430373039336,273.5131042721414,737.2888046113104,273.59275092527247
68,HD164249/HD164249_00016_ssbp.fit,326.00430373039336,273.5131042721414,737.2888046113104,273.59275092527247
69,HD164249/HD164249_00016_ssbp.fit,326.00430373039336,273.5131042721414,737.2888046113104,273.59275092527247
70,HD164249/HD164249_00016_ssbp.fit,326.00430373039336,273.5131042721414,737.2888046113104,273.59275092527247
71,HD164249/HD164249_00016_ssbp.fit,326.00430373039336,273.5131042721414,737.2888046113104,273.59275092527247
72,HD164249/HD164249_00016_ssbp.fit,326.00430373039336,273.5131042721414,737.2888046113104,273.59275092527247
73,HD164249/HD164249_00016_ssbp.fit,326.00430373039336,273.5131042721414,737.2888046113104,273.59275092527247
74,HD164249/HD164249_00016_ssbp.fit,326.00430373039336,273.5131042721414,737.2888046113104,273.59275092527247
75,HD164249/HD164249_00016_ssbp.fit,326.00430373039336,273.5131042721414,737.2888046113104,273.59275092527247
76,HD164249/HD164249_00017_ssbp.fit,325.8473351659511,273.233573429035,737.0632802561192,271.35246702514337
77,HD164249/HD164249_00017_ssbp.fit,325.8473351659511,273.233573429035,737.0632802561192,271.35246702514337
120,HD164249/HD164249_00021_ssbp.fit,325.86778707666537,273.3642560316032,736.9074162427793,260.1187831133047
121,HD164249/HD164249_00021_ssbp.fit,325.86778707666537,273.3642560316032,736.9074162427793,260.1187831133047
122,HD164249/HD164249_00021_ssbp.fit,325.86778707666537,273.3642560316032,736.9074162427793,260.1187831133047
123,HD164249/HD164249_00021_ssbp.fit,325.86778707666537,273.3642560316032,736.9074162427793,260.1187831133047
124,HD164249/HD164249_00021_ssbp.fit,325.86778707666537,273.3642560316032,736.9074162427793,260.1187831133047
125,HD164249/HD164249_00021_ssbp.fit,325.86778707666537,273.3642560316032,736.9074162427793,260.1187831133047
126,HD164249/HD164249_00022_ssbp.fit,325.75508372871496,273.4143534875566,737.6796505633603,257.583584786093
127,HD164249/HD164249_00022_ssbp.fit,325.75508372871496,273.4143534875566,737.6796505633603,257.583584786093
128,HD164249/HD164249_00022_ssbp.fit,325.75508372871496,273.4143534875566,737.6796505633603,257.583584786093
129,HD164249/HD164249_00022_ssbp.fit,325.75508372871496,273.4143534875566,737.6796505633603,257.583584786093
130,HD164249/HD164249_00022_ssbp.fit,325.75508372871496,273.4143534875566,737.6796505633603,257.583584786093
131,HD164249/HD164249_00022_ssbp.fit,325.75508372871496,273.4143534875566,737.6796505633603,257.583584786093
132,HD164249/HD164249_00022_ssbp.fit,325.75508372871496,273.4143534875566,737.6796505633603,257.583584786093
133,HD164249/HD164249_00022_ssbp.fit,325.75508372871496,273.4143534875566,737.6796505633603,257.583584786093
134,HD164249/HD164249_00022_ssbp.fit,325.75508372871496,273.4143534875566,737.6796505633603,257.583584786093
135,HD164249/HD164249_00022_ssbp.fit,325.75508372871496,273.4143534875566,737.6796505633603,257.583584786093
136,HD164249/HD164249_00023_ssbp.fit,325.6694438370422,273.50776410823767,737.4154960931894,255.14739852041023
137,HD164249/HD164249_00023_ssbp.fit,325.6694438370422,273.50776410823767,737.4154960931894,255.14739852041023
138,HD164249/HD164249_00023_ssbp.fit,325.6694438370422,273.50776410823767,737.4154960931894,255.14739852041023
139,HD164249/HD164249_00023_ssbp.fit,325.6694438370422,273.50776410823767,737.4154960931894,255.14739852041023
140,HD164249/HD164249_00023_ssbp.fit,325.6694438370422,273.50776410823767,737.4154960931894,255.14739852041023
141,HD164249/HD164249_00023_ssbp.fit,325.6694438370422,273.50776410823767,737.4154960931894,255.14739852041023
142,HD164249/HD164249_00023_ssbp.fit,325.6694438370422,273.50776410823767,737.4154960931894,255.14739852041023
143,HD164249/HD164249_00023_ssbp.fit,325.6694438370422,273.50776410823767,737.4154960931894,255.14739852041023
144,HD164249/HD164249_00023_ssbp.fit,325.6694438370422,273.50776410823767,737.4154960931894,255.14739852041023
357,HD164249/HD164249_00062_ssbp.fit,158.31077705058698,372.00308100702057,551.6973242032273,253.23541237784
428,HD164249/HD164249_00070_ssbp.fit,157.3438807761155,372.46735250638926,544.6906905464672,234.57687555572656
